1	19700,81800	25800,82600	-1	1082,216,222	2,1,2	100,100,100	22,10,10	40	0	#WINTERLAND_WINTERLANDCHASPN_TXT_000001#
2	16300,83300	19400,86800	-1	1082,216,222	3,2,1	100,100,100	22,10,10	40	0	#WINTERLAND_WINTERLANDCHASPN_TXT_000002#
3	18500,87300	22800,89800	-1	1082,216,222	2,1,1	100,100,100	22,10,10	40	0	#WINTERLAND_WINTERLANDCHASPN_TXT_000003#
4	17900,90600	22100,93200	-1	1082,216,222	5,3,3	100,100,100	22,10,10	40	0	#WINTERLAND_WINTERLANDCHASPN_TXT_000004#
5	31500,81700	34800,86400	-1	216,222	2,2	100,100	10,10	40	0	#WINTERLAND_WINTERLANDCHASPN_TXT_000005#
6	37700,19300	420,,28400	-1	1091,216,222	20,2,2	100,100,100	22,10,10	40	0	#WINTERLAND_WINTERLANDCHASPN_TXT_000006#
7	42700,17100	47600,48700	-1	1091,1089,216,222	100,20,5,5	100,100,100,100	22,22,10,10	40	0	#WINTERLAND_WINTERLANDCHASPN_TXT_000007#
8	34600,34600	41900,37700	-1	1091,216,222	15,1,1	100,100,100	22,10,10	40	0	#WINTERLAND_WINTERLANDCHASPN_TXT_000008#
9	38700,38600	42100,47100	-1	1091,1089,216,222	15,10,1,1	100,100,100,100	22,22,10,10	40	0	#WINTERLAND_WINTERLANDCHASPN_TXT_000009#
10	48200,32100	51800,49500	-1	1091,216,222	50,5,5	100,100,100	22,10,10	40	0	#WINTERLAND_WINTERLANDCHASPN_TXT_000010#
11	52100,35300	57900,53800	-1	1091,1090,216,222	35,35,3,3	100,100,100,100	22,22,10,10	40	0	#WINTERLAND_WINTERLANDCHASPN_TXT_000011#
12	48300,16100	50800,25900	-1	1091,216,222	25,2,2	100,100,100	22,10,10	40	0	#WINTERLAND_WINTERLANDCHASPN_TXT_000012#
13	52200,20300	55500,25800	-1	1091,216,222	20,1,1	100,100,100	22,10,10	40	0	#WINTERLAND_WINTERLANDCHASPN_TXT_000013#
14	56200,15400	62000,28400	-1	1091,1090,216,222	35,10,5,5	100,100,100,100	22,22,10,10	40	0	#WINTERLAND_WINTERLANDCHASPN_TXT_000014#
15	62600,21700	73100,28200	-1	1091,1090,216,222	25,15,1,1	100,100,100,100	22,22,10,10	40	0	#WINTERLAND_WINTERLANDCHASPN_TXT_000015#
16	59400,28800	73900,33800	-1	1090,216,222	30,2,2	100,100,100	22,10,10	40	0	#WINTERLAND_WINTERLANDCHASPN_TXT_000016#
17	61700,34400	72300,37800	-1	1090,216,222	25,1,1	100,100,100	22,10,10	40	0	#WINTERLAND_WINTERLANDCHASPN_TXT_000017#
18	60200,38500	68400,53900	-1	1087,1090,216,222	38,20,2,2	100,100,100,100	22,22,10,10	40	0	#WINTERLAND_WINTERLANDCHASPN_TXT_000018#
19	69000,40100	72500,46700	-1	1087,1090,216,222	15,15,1,1	100,100,100,100	22,22,10,10	40	0	#WINTERLAND_WINTERLANDCHASPN_TXT_000019#
20	29700,44000	38100,48400	-1	1089,216,222	25,1,1	100,100,100	22,10,10	40	0	#WINTERLAND_WINTERLANDCHASPN_TXT_000020#
21	32200,48800	35700,55600	-1	1089,216,222	18,1,1	100,100,100	22,10,10	40	0	#WINTERLAND_WINTERLANDCHASPN_TXT_000021#
22	36200,54400	50100,57900	-1	1089,216,222	23,1,1	100,100,100	22,10,10	40	0	#WINTERLAND_WINTERLANDCHASPN_TXT_000022#
23	40900,58300	50100,63600	-1	1089,216,222	25,1,1	100,100,100	22,10,10	40	0	#WINTERLAND_WINTERLANDCHASPN_TXT_000023#
24	50400,54400	56400,74000	-1	1087,1089,216,222	45,23,2,2	100,100,100,100	22,10,10	40	0	#WINTERLAND_WINTERLANDCHASPN_TXT_000024#
25	57000,54400	63600,68900	-1	1087,216,222	50.2,2	100,100,100	22,10,10	40	0	#WINTERLAND_WINTERLANDCHASPN_TXT_000025#
26	64100,66400	70900,70000	-1	1087,216,222	10,1,1	100,100,100	22,10,10	40	0	#WINTERLAND_WINTERLANDCHASPN_TXT_000026#
27	56200,74500	58900,77100	-1	1087,216	3,1	100,100,100	22,10	40	0	#WINTERLAND_WINTERLANDCHASPN_TXT_000027#
28	85000,12900	90000,22700	-1	1092,1090,222	20,20,2	100,100,100	22,22,10	40	0	#WINTERLAND_WINTERLANDCHASPN_TXT_000028#
29	90500,8100	98900,26000	-1	1092,1090,216,222	40,40,10,10	100,100,100,100	22,22,10,10	40	0	#WINTERLAND_WINTERLANDCHASPN_TXT_000029#
30	96300,3400	108500,10000	-1	1091,1092,216,222	20,25,5,5	100,100,100,100	22,22,10,10	40	0	#WINTERLAND_WINTERLANDCHASPN_TXT_000030#
31	99400,17800	106800,25900	-1	1091,1092,216,222	25,15,5,5	100,100,100,100	22,22,10,10	40	0	#WINTERLAND_WINTERLANDCHASPN_TXT_000031#
32	108200,8000	121300,18000	-1	1091,1092,216,222	30,30,3,3	100,100,100,100	22,22,10,10	40	0	#WINTERLAND_WINTERLANDCHASPN_TXT_000032#
33	121800,10500	128700,18100	-1	1091,216,222	35,5,2	100,100,100	22,10,10	40	0	#WINTERLAND_WINTERLANDCHASPN_TXT_000033#
34	109700,18300	131700,26000	-1	1091,216,222	50,3,3	100,100,100	22,10,10	40	0	#WINTERLAND_WINTERLANDCHASPN_TXT_000034#
35	95500,26400	126000,34000	-1	1091,216,222	50,3,3	100,100,100	22,10,10	40	0	#WINTERLAND_WINTERLANDCHASPN_TXT_000035#
36	110500,34500	114900,36700	-1	1090	7	100	22	40	0	#WINTERLAND_WINTERLANDCHASPN_TXT_000036#
37	115300,34400	124400,38000	-1	1091,216	25,2	100,100	22,10	40	0	#WINTERLAND_WINTERLANDCHASPN_TXT_000037#
38	110500,42400	117200,44300	-1	1090,1091,216	10,5,1	100,100,100	22,22,10	40	0	#WINTERLAND_WINTERLANDCHASPN_TXT_000038#
39	117700,41600	123700,47500	-1	1090,1091,216	5,10,1	100,100,100	22,22,10	40	0	#WINTERLAND_WINTERLANDCHASPN_TXT_000039#
40	95400,34400	110000,45800	-1	1090,1091,216,222	35,20,3,3	100,100,100,100	22,22,10,10	40	0	#WINTERLAND_WINTERLANDCHASPN_TXT_000040#
41	88900,37600	94900,45900	-1	1090,216,222	20,1,2	100,100,100	22,10,10	40	0	#WINTERLAND_WINTERLANDCHASPN_TXT_000041#
42	82500,40100	88600,46800	-1	1090,216,222	20,2,1	100,100,100	22,10,10	40	0	#WINTERLAND_WINTERLANDCHASPN_TXT_000042#
43	77900,47200	83700,50900	-1	1088,1090,222	5,5,1	100,100,100	22,22,10	40	0	#WINTERLAND_WINTERLANDCHASPN_TXT_000043#
44	88100,46400	106000,53200	-1	1088,1090,216,222	25,20,5,3	100,100,100,100	22,22,10,10	40	0	#WINTERLAND_WINTERLANDCHASPN_TXT_000044#
45	74500,54400	78800,58000	-1	1088,216	5,1	100,100	22,10	40	0	#WINTERLAND_WINTERLANDCHASPN_TXT_000045#
46	79300,53700	85200,61900	-1	1088,216	10,2	100,100	22,10	40	0	#WINTERLAND_WINTERLANDCHASPN_TXT_000046#
47	85700,53700	92400,61900	-1	1088,216	10,2	100,100	22,10	40	0	#WINTERLAND_WINTERLANDCHASPN_TXT_000047#
48	92900,53600	105300,56400	-1	1088,1090,216	8,8,1	100,100,100	22,22,10	40	0	#WINTERLAND_WINTERLANDCHASPN_TXT_000048#
49	99400,56900	106100,59800	-1	1088,1090,216	5,5,2	100,100,100	22,22,10	40	0	#WINTERLAND_WINTERLANDCHASPN_TXT_000049#
50	110400,35800	110400,35800	-1	1100	1	100	1800	40	0	#RESOURCE_AREASET_TXT_000114#
51	45700,92100	50000,96400	-1	1082,216	7,2	100,100	18,10	40	0	#WINTERLAND_WINTERLANDCHASPN_TXT_000050#
52	45800,96800	52600,100400	-1	1082,216	7,2	100,100	18,10	40	0	#WINTERLAND_WINTERLANDCHASPN_TXT_000051#
53	54500,91900	57300,95600	-1	1082,216	3,1	100,100	18,10	40	0	#WINTERLAND_WINTERLANDCHASPN_TXT_000052#
54	55300,96000	60600,100600	-1	1082,216	5,1	100,100	18,10	40	0	#WINTERLAND_WINTERLANDCHASPN_TXT_000053#
55	39300,100800	58200,105900	-1	1082,216	30,5	100,100	18,10	40	0	#WINTERLAND_WINTERLANDCHASPN_TXT_000054#
56	39300,106400	55000,11100	-1	1082,216	25,3	100,100	18,10	40	0	#WINTERLAND_WINTERLANDCHASPN_TXT_000055#
57	44900,111100	54900,115700	-1	1082,216	20,3	100,100	18,10	40	0	#WINTERLAND_WINTERLANDCHASPN_TXT_000056#
58	72900,84700	75000,87700	-1	1082,1084	2,2	100,100	18,18	40	0	#WINTERLAND_WINTERLANDCHASPN_TXT_000057#
59	73700,87900	81300,89200	-1	1082,1084	3,3	100,100	18,18	40	0	#WINTERLAND_WINTERLANDCHASPN_TXT_000058#
60	70500,89600	83700,93200	-1	1082,1084	10,8	100,100	18,18	40	0	#WINTERLAND_WINTERLANDCHASPN_TXT_000059#
61	66600,93700	86100,98000	-1	1084	25	100	18	40	0	#WINTERLAND_WINTERLANDCHASPN_TXT_000060#
62	90500,91200	93300,95700	-1	1085	5	100	18	40	0	#WINTERLAND_WINTERLANDCHASPN_TXT_000061#
63	86500,95200	91800,98100	-1	1085	10	100	18	40	0	#WINTERLAND_WINTERLANDCHASPN_TXT_000062#
64	60900,98300	96500,104400	-1	1084,1085	15,15	100,100	18,18	40	0	#WINTERLAND_WINTERLANDCHASPN_TXT_000063#
65	57700,104500	101400,111500	-1	1084,1085	45,35	100,100	18,18	40	0	#WINTERLAND_WINTERLANDCHASPN_TXT_000064#
66	101700,108800	107000,111600	-1	1086	12	100	18	40	0	#WINTERLAND_WINTERLANDCHASPN_TXT_000065#
67	64100,111900	75600,116400	-1	1085	20	100	18	40	0	#WINTERLAND_WINTERLANDCHASPN_TXT_000066#
68	82500,111900	107000,115700	-1	1086	40	100	18	40	0	#WINTERLAND_WINTERLANDCHASPN_TXT_000067#
69	45600,116000	51700,120500	-1	1082,1083,222	10,10,2	100,100,100	18,18,10	40	0	#WINTERLAND_WINTERLANDCHASPN_TXT_000068#
70	41800,121000	50200,126000	-1	1082,1083,222	10,10,2	100,100,100	18,18,10	40	0	#WINTERLAND_WINTERLANDCHASPN_TXT_000069#
71	30400,123900	41300,126100	-1	1082,1083,222	5,5,2	100,100,100	18,18,10	40	0	#WINTERLAND_WINTERLANDCHASPN_TXT_000070#
72	21800,120900	30100,126100	-1	1082,1083,222	5,5,2	100,100,100	18,18,10	40	0	#WINTERLAND_WINTERLANDCHASPN_TXT_000071#
73	24900,126400	50000,130900	-1	1084	35	100	18	40	0	#WINTERLAND_WINTERLANDCHASPN_TXT_000072#
74	53700,117600	57500,122100	-1	1084	7	100	18	40	0	#WINTERLAND_WINTERLANDCHASPN_TXT_000073#
75	52800,121400	56600,133300	-1	1084	15	100	18	40	0	#WINTERLAND_WINTERLANDCHASPN_TXT_000074#
76	56900,124100	60700,134100	-1	1084,1085	10,5	100,100	18,18	40	0	#WINTERLAND_WINTERLANDCHASPN_TXT_000075#
77	60900,121600	63000,129200	-1	1084,1085	5,7	100,100	18,18	40	0	#WINTERLAND_WINTERLANDCHASPN_TXT_000076#
78	63200,116600	70100,126800	-1	1085	20	100	18	40	0	#WINTERLAND_WINTERLANDCHASPN_TXT_000077#
79	64900,127100	72600,141200	-1	1085	35	100	18	40	0	#WINTERLAND_WINTERLANDCHASPN_TXT_000078#
80	66900,108100	78300,111500	-1	1084,1085	15,15	100,100	18,18	40	0	#WINTERLAND_WINTERLANDCHASPN_TXT_000079#
81	75300,115900	77300,122000	-1	1085,1086	3,3	100,100	18,18	40	0	#WINTERLAND_WINTERLANDCHASPN_TXT_000080#
82	77700,116000	107000,118100	-1	1086	20	100	18	40	0	#WINTERLAND_WINTERLANDCHASPN_TXT_000081#
83	81700,118400	111800,125300	-1	1086	45	100	18	40	0	#WINTERLAND_WINTERLANDCHASPN_TXT_000082#
84	78300,125500	106200,131600	-1	1086	45	100	18	40	0	#WINTERLAND_WINTERLANDCHASPN_TXT_000083#
85	74500,131900	95000,137200	-1	1085,1086	20,25	100,100	18,18	40	0	#WINTERLAND_WINTERLANDCHASPN_TXT_000084#
86	72900,137600	90900,141300	-1	1085,1086	20,15	100,100	18,18	40	0	#WINTERLAND_WINTERLANDCHASPN_TXT_000085#
87	6500,131300	45100,138800	-1	1082,1083,216,222	40,35,5,5	100,100,100,100	18,18,10,10	40	0	#WINTERLAND_WINTERLANDCHASPN_TXT_000086#
88	45600,131200	49500,135000	-1	1082,1083,216,222	5,5,1,1	100,100,100,100	18,18,10,10	40	0	#WINTERLAND_WINTERLANDCHASPN_TXT_000087#
89	23300,139100	42200,143700	-1	1082,1083,216,222	15,20,3,1	100,100,100,100	18,18,10,10	40	0	#WINTERLAND_WINTERLANDCHASPN_TXT_000088#
90	24100,143900	44500,148400	-1	1083,216,222	30,5,3	100,100,100	18,10,10	40	0	#WINTERLAND_WINTERLANDCHASPN_TXT_000089#
91	28100,148800	48600,153200	-1	1083,216,222	35,3,5	100,100,100	18,10,10	40	0	#WINTERLAND_WINTERLANDCHASPN_TXT_000090#
92	20000,159900	24600,161300	-1	1083,216,222	5,1,1	100,100,100	18,10,10	40	0	#WINTERLAND_WINTERLANDCHASPN_TXT_000091#
93	28000,153600	47800,159000	-1	1083,216,222	25,2,3	100,100,100	18,10,10	40	0	#WINTERLAND_WINTERLANDCHASPN_TXT_000092#
94	24600,159100	46300,166100	-1	1083,216,222	35,5,4	100,100,100	18,10,10	40	0	#WINTERLAND_WINTERLANDCHASPN_TXT_000093#
95	24900,166300	34100,168400	-1	1083,216,222	10,1,1	100,100,100	18,10,10	40	0	#WINTERLAND_WINTERLANDCHASPN_TXT_000094#
96	60100,141400	66900,146800	-1	1085	10	100	18	40	0	#WINTERLAND_WINTERLANDCHASPN_TXT_000095#
97	55300,147100	60600,150100	-1	1085	10	100	18	40	0	#WINTERLAND_WINTERLANDCHASPN_TXT_000096#
98	52100,150400	59700,154000	-1	1085	10	100	18	40	0	#WINTERLAND_WINTERLANDCHASPN_TXT_000097#
99	69600,141500	87000,144500	-1	1086	20	100	18	40	0	#WINTERLAND_WINTERLANDCHASPN_TXT_000098#
100	72000,144800	77400,150000	-1	1086	15	100	18	40	0	#WINTERLAND_WINTERLANDCHASPN_TXT_000099#
101	63300,153000	78900,153200	-1	1086	15	100	18	40	0	#WINTERLAND_WINTERLANDCHASPN_TXT_000100#
102	50400,154300	74100,157200	-1	1085,1086	15,15	100,100	18,18	40	0	#WINTERLAND_WINTERLANDCHASPN_TXT_000101#
103	48900,157500	71000,162000	-1	1085,1086	20,15	100,100	18,18	40	0	#WINTERLAND_WINTERLANDCHASPN_TXT_000102#
104	48100,162400	71700,164600	-1	1085,1086	10,15	100,100	18,18	40	0	#WINTERLAND_WINTERLANDCHASPN_TXT_000103#
105	46400,164700	63000,168500	-1	1085,1086	10,10	100,100	18,18	40	0	#WINTERLAND_WINTERLANDCHASPN_TXT_000104#
106	46500,168800	61300,172500	-1	1085,1086	10,10	100,100	18,18	40	0	#WINTERLAND_WINTERLANDCHASPN_TXT_000105#
107	45600,133200	45600,133200	-1	1099	1	100	1800	40	0	#RESOURCE_AREASET_TXT_000115#
108	136800,36100	139800,40500	-1	1093	5	100	21	40	0	#WINTERLAND_WINTERLANDCHASPN_TXT_000106#
109	140100,33000	163700,38800	-1	1093	20	100	21	40	0	#WINTERLAND_WINTERLANDCHASPN_TXT_000107#
110	144800,39100	160600,43800	-1	1093	18	100	21	40	0	#WINTERLAND_WINTERLANDCHASPN_TXT_000108#
111	135400,40900	138300,51000	-1	1093	5	100	21	40	0	#WINTERLAND_WINTERLANDCHASPN_TXT_000109#
112	138500,44000	159900,51000	-1	1093,1095	15,15	100,100	21,21	40	0	#WINTERLAND_WINTERLANDCHASPN_TXT_000110#
113	172000,36700	175900,43000	-1	1094	7	100	21	40	0	#WINTERLAND_WINTERLANDCHASPN_TXT_000111#
114	164100,13200	175000,46000	-1	1094	7	100	21	40	0	#WINTERLAND_WINTERLANDCHASPN_TXT_000112#
115	160000,46300	175100,51000	-1	1094	3	100	21	40	0	#WINTERLAND_WINTERLANDCHASPN_TXT_000113#
116	175200,44700	179900,50800	-1	1094,1095	4,4	100,100	21,21	40	0	#WINTERLAND_WINTERLANDCHASPN_TXT_000114#
117	136800,51000	183100,59800	-1	1093,1094,1095	22,22,22	100,100,100	21,21,21	40	0	#WINTERLAND_WINTERLANDCHASPN_TXT_000115#
118	183300,53500	195100,59600	-1	1094,1095	20,10	100,100	21,21	40	0	#WINTERLAND_WINTERLANDCHASPN_TXT_000116#
119	195200,47900	199100,56500	-1	1094	8	100	21	40	0	#WINTERLAND_WINTERLANDCHASPN_TXT_000117#
120	143200,59900	166300,65400	-1	1095	10	100	21	40	0	#WINTERLAND_WINTERLANDCHASPN_TXT_000118#
121	139300,67200	143100,73400	-1	1095	5	100	21	40	0	#WINTERLAND_WINTERLANDCHASPN_TXT_000119#
122	175300,59900	199100,62800	-1	1095,1096	8,8	100,100	21,21	40	0	#WINTERLAND_WINTERLANDCHASPN_TXT_000120#
123	182400,63000	195900,65400	-1	1095,1096	4,4	100,100	21,21	40	0	#WINTERLAND_WINTERLANDCHASPN_TXT_000121#
124	156000,65600	172600,74000	-1	1095,1096	17,17	100,100	21,21	40	0	#WINTERLAND_WINTERLANDCHASPN_TXT_000122#
125	172900,68700	184700,74100	-1	1096	28	100	21	40	0	#WINTERLAND_WINTERLANDCHASPN_TXT_000123#
126	184900,65600	195100,74200	-1	1096	28	100	21	40	0	#WINTERLAND_WINTERLANDCHASPN_TXT_000124#
127	195300,68800	200700,74200	-1	1096	13	100	21	40	0	#WINTERLAND_WINTERLANDCHASPN_TXT_000125#
128	159200,74300	213500,79800	-1	1097	40	100	21	40	0	#WINTERLAND_WINTERLANDCHASPN_TXT_000126#
129	166500,80000	209500,85500	-1	1097	40	100	21	40	0	#WINTERLAND_WINTERLANDCHASPN_TXT_000127#
130	165600,85500	207000,93200	-1	1097,1098	30,20	100,100	21,21	40	0	#WINTERLAND_WINTERLANDCHASPN_TXT_000128#
131	148900,94300	157200,98900	-1	1096	12	100	21	40	0	#WINTERLAND_WINTERLANDCHASPN_TXT_000129#
132	157700,93500	169600,99200	-1	1096	12	100	21	40	0	#WINTERLAND_WINTERLANDCHASPN_TXT_000130#
133	144000,99200	161500,103700	-1	1096,1098	8,5	100,100	21,21	40	0	#WINTERLAND_WINTERLANDCHASPN_TXT_000131#
134	143300,103900	152600,108600	-1	1096	6	100	21	40	0	#WINTERLAND_WINTERLANDCHASPN_TXT_000132#
135	146500,108800	154300,115000	-1	1096,1095	4,4	100,100	21,21	40	0	#WINTERLAND_WINTERLANDCHASPN_TXT_000133#
136	178400,93700	205500,99000	-1	1098	35	100	21	40	0	#WINTERLAND_WINTERLANDCHASPN_TXT_000134#
137	161600,99300	205400,103700	-1	1096,1098	20,20	100,100	21,21	40	0	#WINTERLAND_WINTERLANDCHASPN_TXT_000135#
138	161600,103900	202200,106200	-1	1098	17	100	21	40	0	#WINTERLAND_WINTERLANDCHASPN_TXT_000136#
139	161600,106100	189400,109300	-1	1098	17	100	21	40	0	#WINTERLAND_WINTERLANDCHASPN_TXT_000137#
140	154400,109400	182300,115000	-1	1095,1096,1098	12,12,12	100,100,100	21,21,21	40	0	#WINTERLAND_WINTERLANDCHASPN_TXT_000138#
141	182400,109500	187000,111600	-1	1098	3	100	21	40	0	#WINTERLAND_WINTERLANDCHASPN_TXT_000139#
142	194400,106200	199100,110300	-1	1098	5	100	21	40	0	#WINTERLAND_WINTERLANDCHASPN_TXT_000140#
143	198400,111900	203100,119000	-1	1098	5	100	21	40	0	#WINTERLAND_WINTERLANDCHASPN_TXT_000141#
144	140900,115200	183000,121300	-1	1095	40	100	21	40	0	#WINTERLAND_WINTERLANDCHASPN_TXT_000142#
145	128000,120000	136600,122900	-1	1095	7	100	21	40	0	#WINTERLAND_WINTERLANDCHASPN_TXT_000143#
146	136800,121500	183100,122900	-1	1095	18	100	21	40	0	#WINTERLAND_WINTERLANDCHASPN_TXT_000144#
147	126400,123100	146200,130000	-1	1094	20	100	21	40	0	#WINTERLAND_WINTERLANDCHASPN_TXT_000145#
148	136000,130200	144700,132500	-1	1094	4	100	21	40	0	#WINTERLAND_WINTERLANDCHASPN_TXT_000146#
149	140000,132700	143900,135800	-1	1094	3	100	21	40	0	#WINTERLAND_WINTERLANDCHASPN_TXT_000147#
150	146400,123100	150300,130900	-1	1094	6	100	21	40	0	#WINTERLAND_WINTERLANDCHASPN_TXT_000148#
151	150500,123200	158900,131800	-1	1094	13	100	21	40	0	#WINTERLAND_WINTERLANDCHASPN_TXT_000149#
152	159300,123200	167100,130100	-1	1093,1094	8,8	100,100	21,21	40	0	#WINTERLAND_WINTERLANDCHASPN_TXT_000150#
153	167200,123200	171100,129300	-1	1093,1094	4,4	100,100	21,21	40	0	#WINTERLAND_WINTERLANDCHASPN_TXT_000151#
154	171300,123200	179000,131700	-1	1093	18	100	21	40	0	#WINTERLAND_WINTERLANDCHASPN_TXT_000152#
155	179200,123200	183100,128500	-1	1093	6	100	21	40	0	#WINTERLAND_WINTERLANDCHASPN_TXT_000153#
156	183200,119900	188700,128500	-1	1093	17	100	21	40	0	#WINTERLAND_WINTERLANDCHASPN_TXT_000154#
157	188800,120800	191100,126000	-1	1093	4	100	21	40	0	#WINTERLAND_WINTERLANDCHASPN_TXT_000155#
158	159500,68700	159500,68700	-1	1101	1	100	1800	40	0	#RESOURCE_AREASET_TXT_000116#
