1	47500,20000	53300,43400	-1	907,906	2,2	100,100	3600,3600	0	0	#GUILDWAR_GUILDWARCHASPN_TXT_000001#
2	8800,19800	14200,42000	-1	1002	20	100	180	0	0	#GUILDWAR_GUILDWARCHASPN_TXT_000002#
3	8900,19700	14200,42000	-1	933	1	100	10800	0	0	#GUILDWAR_GUILDWARCHASPN_TXT_000003#
4	25600,17900	27400,27000	-1	911	3	100	1200	0	0	#RESOURCE_CHARACTERINFO_TXT_000476#
5	34100,18000	36100,27200	-1	922	2	100	1200	0	0	#RESOURCE_CHARACTERINFO_TXT_000487#
6	25300,33400	27300,44700	-1	921	3	100	1200	0	0	#RESOURCE_CHARACTERINFO_TXT_000486#
7	34200,33300	36000,44300	-1	912	2	100	1200	0	0	#RESOURCE_CHARACTERINFO_TXT_000477#
8	19400,8600	42400,14900	-1	220	2	100	900	0	0	#RESOURCE_CHARACTERINFO_TXT_000076#
9	19400,8600	42400,14900	-1	219	2	100	900	0	0	#RESOURCE_CHARACTERINFO_TXT_000075#
10	19400,8600	42400,14900	-1	217	2	100	900	0	0	#RESOURCE_CHARACTERINFO_TXT_000074#
11	19400,8600	42400,14900	-1	218	2	100	900	0	0	#HELP_MONSTERHELP_LUA_000264#
12	19600,46900	14300,53900	-1	220	2	100	900	0	0	#RESOURCE_CHARACTERINFO_TXT_000076#
13	19600,46900	14300,53900	-1	219	2	100	900	0	0	#RESOURCE_CHARACTERINFO_TXT_000075#
14	19600,46900	14300,53900	-1	217	2	100	900	0	0	#RESOURCE_CHARACTERINFO_TXT_000074#
15	19600,46900	14300,53900	-1	218	2	100	900	0	0	#HELP_MONSTERHELP_LUA_000264#
16	46700,18700	53600,44500	-1	220	2	100	900	0	0	#RESOURCE_CHARACTERINFO_TXT_000076#
17	46700,18700	53600,44500	-1	219	2	100	900	0	0	#RESOURCE_CHARACTERINFO_TXT_000075#
18	46700,18700	53600,44500	-1	217	2	100	900	0	0	#RESOURCE_CHARACTERINFO_TXT_000074#
19	46700,18700	53600,44500	-1	218	2	100	900	0	0	#HELP_MONSTERHELP_LUA_000264#
20	7300,17400	14400,43500	-1	220	2	100	900	0	0	#RESOURCE_CHARACTERINFO_TXT_000076#
21	7300,17400	14400,43500	-1	219	2	100	900	0	0	#RESOURCE_CHARACTERINFO_TXT_000075#
22	7300,17400	14400,43500	-1	217	2	100	900	0	0	#RESOURCE_CHARACTERINFO_TXT_000074#
23	7300,17400	14400,43500	-1	218	2	100	900	0	0	#HELP_MONSTERHELP_LUA_000264#
24	7600,8300	14600,14700	-1	220	1	100	900	0	0	#RESOURCE_CHARACTERINFO_TXT_000076#
25	7600,8300	14600,14700	-1	219	1	100	900	0	0	#RESOURCE_CHARACTERINFO_TXT_000075#
26	7600,8300	14600,14700	-1	217	1	100	900	0	0	#RESOURCE_CHARACTERINFO_TXT_000074#
27	7600,8300	14600,14700	-1	218	1	100	900	0	0	#HELP_MONSTERHELP_LUA_000264#
28	47700,8300	53600,14500	-1	220	1	100	900	0	0	#RESOURCE_CHARACTERINFO_TXT_000076#
29	47700,8300	53600,14500	-1	219	1	100	900	0	0	#RESOURCE_CHARACTERINFO_TXT_000075#
30	47700,8300	53600,14500	-1	217	1	100	900	0	0	#RESOURCE_CHARACTERINFO_TXT_000074#
31	47700,8300	53600,14500	-1	218	1	100	900	0	0	#HELP_MONSTERHELP_LUA_000264#
32	47500,47500	53600,53900	-1	220	1	100	900	0	0	#RESOURCE_CHARACTERINFO_TXT_000076#
33	47500,47500	53600,53900	-1	219	1	100	900	0	0	#RESOURCE_CHARACTERINFO_TXT_000075#
34	47500,47500	53600,53900	-1	217	1	100	900	0	0	#RESOURCE_CHARACTERINFO_TXT_000074#
35	47500,47500	53600,53900	-1	218	1	100	900	0	0	#HELP_MONSTERHELP_LUA_000264#
36	7300,47000	14600,53900	-1	220	1	100	900	0	0	#RESOURCE_CHARACTERINFO_TXT_000076#
37	7300,47000	14600,53900	-1	219	1	100	900	0	0	#RESOURCE_CHARACTERINFO_TXT_000075#
38	7300,47000	14600,53900	-1	217	1	100	900	0	0	#RESOURCE_CHARACTERINFO_TXT_000074#
39	7300,47000	14600,53900	-1	218	1	100	900	0	0	#HELP_MONSTERHELP_LUA_000264#
40	20800,17100	23800,44500	-1	220	1	100	900	0	0	#RESOURCE_CHARACTERINFO_TXT_000076#
41	20800,17100	23800,44500	-1	219	1	100	900	0	0	#RESOURCE_CHARACTERINFO_TXT_000075#
42	20800,17100	23800,44500	-1	217	1	100	900	0	0	#RESOURCE_CHARACTERINFO_TXT_000074#
43	20800,17100	23800,44500	-1	218	1	100	900	0	0	#HELP_MONSTERHELP_LUA_000264#
44	28600,17400	32700,44600	-1	220	1	100	900	0	0	#RESOURCE_CHARACTERINFO_TXT_000076#
45	28600,17400	32700,44600	-1	219	1	100	900	0	0	#RESOURCE_CHARACTERINFO_TXT_000075#
46	28600,17400	32700,44600	-1	217	1	100	900	0	0	#RESOURCE_CHARACTERINFO_TXT_000074#
47	28600,17400	32700,44600	-1	218	1	100	900	0	0	#HELP_MONSTERHELP_LUA_000264#
48	37600,17100	40600,44500	-1	220	1	100	900	0	0	#RESOURCE_CHARACTERINFO_TXT_000076#
49	37600,17100	40600,44500	-1	219	1	100	900	0	0	#RESOURCE_CHARACTERINFO_TXT_000075#
50	37600,17100	40600,44500	-1	217	1	100	900	0	0	#RESOURCE_CHARACTERINFO_TXT_000074#
51	37600,17100	40600,44500	-1	218	1	100	900	0	0	#HELP_MONSTERHELP_LUA_000264#
