//spawnid	startpos	endpos	direction	monsterID	count	Rfprobability	RFTime	commotion	note	分区编号					
//1	13000,2900	16400,300	-1	1298,1299,1303,1308	1,1,1,1	100,100,100,100	3600,3600,3600,43200	40	0	BOSS					
2	7300,7300	9300,8700	-1	1307	2	100	10800	40	0	小BOSS					
3	9600,5200	16400,6700	-1	1306	6	100	10	40	0	starwalkway					
4	6700 ,100	9200,7000	-1	1304,1305	6,6	100,100	10,10	40	0	starwalkway					
//5	7900,10800	9500,9800	-1	1299	1	100	10800	40	0	小BOSS					
6	4900,11000	11700,15700	-1	1300,1301,1302	6,6,6	100,100,100	10,10,10	40	0	starwalkway					
//7	6800,22100	7800,20600	-1	1298	1	100	10800	40	0	小BOSS					
8	3400,22200	10100,26900	-1	1295,1296,1297	6,6,6	100,100,100	10,10,10	40	0	starwalkway					
//9	8700,32900	9200,32200	-1	1294	1	100	10800	40	0	小BOSS					
9	5700,34400	12500,37300	-1	1291,1292,1293	6,6,6	100,100,100	10,10,10	40	0	starwalkway					
