1	193	1	8600,18400	-1	mjing4	8600,18400	1	#MJING1_MJING1SWHMAP_TXT_000001#
2	193	1	12300,10700	-1	mjing4	12300,10700	1	#MJING1_MJING1SWHMAP_TXT_000001#
3	193	1	25200,10700	-1	mjing4	25200,10700	1	#MJING1_MJING1SWHMAP_TXT_000001#
4	193	1	31500,19400	-1	mjing4	31500,19400	1	#MJING1_MJING1SWHMAP_TXT_000001#
5	193	1	20400,23500	-1	mjing4	20400,23500	1	#MJING1_MJING1SWHMAP_TXT_000001#
6	193	1	14000,33000	-1	mjing4	14000,33000	1	#MJING1_MJING1SWHMAP_TXT_000001#
7	193	1	31600,29900	-1	mjing4	31600,29900	1	#MJING1_MJING1SWHMAP_TXT_000001#
8	193	1	13200,39500	-1	mjing4	13200,39500	1	#MJING1_MJING1SWHMAP_TXT_000001#
9	193	1	22200,40300	-1	mjing4	22200,40300	1	#MJING1_MJING1SWHMAP_TXT_000001#
10	193	1	34100,43500	-1	mjing4	34100,43500	1	#MJING1_MJING1SWHMAP_TXT_000001#
11	193	1	18700,48300	-1	mjing4	18700,48300	1	#MJING1_MJING1SWHMAP_TXT_000001#
12	193	1	25100,41800	-1	mjing4	25100,41800	1	#MJING1_MJING1SWHMAP_TXT_000001#
