0	#A07XMAS_07XMASNPC_TXT_000001#	1	415	12	16400,25200	16400,25200	346	#A07XMAS_ENTRY_LUA_000005#	135	0	Xmas_talk01	0	
1	#A07XMAS_07XMASNPC_TXT_000002#	1	1053	12	19400,25200	19400,25200	288	#A07XMAS_ENTRY_LUA_000005#	165	0	Xmas_talk02	0	
3	#A07XMAS_07XMASNPC_TXT_000003#	1	856	12	12541,25363	12541,25363	40	#A07XMAS_ENTRY_LUA_000005#	135	0	Xmas_talk04	0	
6	#A07XMAS_07XMASNPC_TXT_000004#	1	1064	0	22000,4000	22000,4000	175	#A07XMAS_ENTRY_LUA_000005#	135	0	el_talk29	0	
7	#A07XMAS_07XMASNPC_TXT_000005#	1	724	0	8404,3734	8404,3734	180	#A07XMAS_ENTRY_LUA_000005#	135	0	el_talk30	0	
8	#RESOURCE_CHARACTERINFO_TXT_000355#	1	1042	0	14404,16035	14404,16035	354	#A07XMAS_ENTRY_LUA_000005#	135	0	el_talk05	0	
9	#A07XMAS_07XMASNPC_TXT_000006#	1	1063	0	14404,25000	14404,25000	354	#A07XMAS_ENTRY_LUA_000005#	135	0	Xmas_talk07	0	
10	#RESOURCE_CHARACTERINFO_TXT_000354#	1	781	0	14400,17000	14400,17000	180	#A07XMAS_ENTRY_LUA_000005#	135	0	Xmas_talk08	0	
11	#A07XMAS_07XMASNPC_TXT_000007#	1	1065	0	4200,4300	4200,4300	180	#A07XMAS_ENTRY_LUA_000005#	135	0	peter_talk01	0	
12	#A07XMAS_07XMASNPC_TXT_000008#	1	15	0	9600,5100	9600,5100	90	#A07XMAS_ENTRY_LUA_000005#	135	0	peter_talk02	0	
13	#A07XMAS_07XMASNPC_TXT_000009#	1	440	0	8800,4000	8800,4000	180	#A07XMAS_ENTRY_LUA_000005#	135	0	peter_talk03	0	
14	#A07XMAS_07XMASNPC_TXT_000010#	1	405	0	6100,4300	6100,4300	180	#A07XMAS_ENTRY_LUA_000005#	135	0	peter_talk04	0	
15	#A07XMAS_07XMASNPC_TXT_000011#	1	453	0	2800,11900	2800,11900	180	#A07XMAS_ENTRY_LUA_000005#	135	0	peter_talk05	0	
16	#A07XMAS_07XMASNPC_TXT_000012#	1	772	0	7200,4902	7200,4902	180	#A07XMAS_ENTRY_LUA_000005#	135	0	peter_talk06	0	
17	#A07XMAS_07XMASNPC_TXT_000013#	1	803	0	1800,14900	1800,14900	90	#A07XMAS_ENTRY_LUA_000005#	135	0	peter_talk07	0	
18	#A07XMAS_07XMASNPC_TXT_000014#	1	445	0	4200,8600	4200,8600	180	#A07XMAS_ENTRY_LUA_000005#	135	0	peter_talk08	0	
19	#A07XMAS_07XMASNPC_TXT_000015#	1	12	0	25800,25100	25800,25100	268	#A07XMAS_ENTRY_LUA_000005#	135	0	peter_talk09	0	
20	#A07XMAS_07XMASNPC_TXT_000016#	1	410	0	19501,3901	19501,3901	180	#A07XMAS_ENTRY_LUA_000005#	135	0	peter_talk10	0	
21	#A07XMAS_07XMASNPC_TXT_000017#	1	441	0	9200,23900	9200,23900	180	#A07XMAS_ENTRY_LUA_000005#	135	0	peter_talk11	0	
22	#A07XMAS_07XMASNPC_TXT_000018#	1	756	0	2700,14500	2700,14500	180	#A07XMAS_ENTRY_LUA_000005#	135	0	peter_talk12	0	
23	#A07XMAS_07XMASNPC_TXT_000019#	1	17	0	3301,21601	3301,21601	85	#A07XMAS_ENTRY_LUA_000005#	135	0	peter_talk13	0	
24	#A07XMAS_07XMASNPC_TXT_000020#	1	17	0	11600,24000	11600,24000	180	#A07XMAS_ENTRY_LUA_000005#	135	0	peter_talk14	0	
25	#A07XMAS_07XMASNPC_TXT_000021#	1	756	0	25501,12201	25501,12201	220	#A07XMAS_ENTRY_LUA_000005#	135	0	peter_talk15	0	
26	#A07XMAS_07XMASNPC_TXT_000022#	1	420	0	23400,8900	23400,8900	365	#A07XMAS_ENTRY_LUA_000005#	135	0	peter_talk16	0	
27	#A07XMAS_07XMASNPC_TXT_000023#	1	454	0	13000,23500	13000,23500	180	#A07XMAS_ENTRY_LUA_000005#	135	0	peter_talk17	0	
28	#A07XMAS_07XMASNPC_TXT_000024#	1	18	0	24300,22100	24300,22100	90	#A07XMAS_ENTRY_LUA_000005#	135	0	peter_talk18	0	
29	#A07XMAS_07XMASNPC_TXT_000025#	1	1066	0	26401,21001	26401,21001	310	#A07XMAS_ENTRY_LUA_000005#	135	0	peter_talk19	0	
30	#A07XMAS_07XMASNPC_TXT_000026#	1	17	0	21201,20301	21201,20301	90	#A07XMAS_ENTRY_LUA_000005#	135	0	peter_talk20	0	
31	#A07XMAS_07XMASNPC_TXT_000027#	1	403	0	22801,5401	22801,5401	180	#A07XMAS_ENTRY_LUA_000005#	135	0	peter_talk21	0	
32	#A07XMAS_07XMASNPC_TXT_000028#	1	1067	0	24101,4301	24101,4301	180	#A07XMAS_ENTRY_LUA_000005#	135	0	peter_talk22	0	
33	#A07XMAS_07XMASNPC_TXT_000029#	1	441	0	19101,4501	19101,4501	90	#A07XMAS_ENTRY_LUA_000005#	135	0	peter_talk23	0	
34	#A07XMAS_07XMASNPC_TXT_000030#	1	421	0	20201,6901	20201,6901	270	#A07XMAS_ENTRY_LUA_000005#	135	0	peter_talk24	0	
35	#A07XMAS_07XMASNPC_TXT_000031#	1	446	0	18701,23901	18701,23901	130	#A07XMAS_ENTRY_LUA_000005#	135	0	peter_talk25	0	
36	#A07XMAS_07XMASNPC_TXT_000032#	1	409	0	19201,21300	19201,21300	78	#A07XMAS_ENTRY_LUA_000005#	135	0	peter_talk26	0	
37	#A07XMAS_07XMASNPC_TXT_000033#	1	10	0	20800,22100	20800,22100	90	#A07XMAS_ENTRY_LUA_000005#	135	0	peter_talk27	0	
38	#A07XMAS_07XMASNPC_TXT_000034#	1	15	0	3401,19901	3401,19901	180	#A07XMAS_ENTRY_LUA_000005#	135	0	peter_talk28	0	
39	#A07XMAS_07XMASNPC_TXT_000035#	1	1062	0	22801,7701	22801,7701	180	#A07XMAS_ENTRY_LUA_000005#	135	0	peter_talk29	0	
40	#A07XMAS_07XMASNPC_TXT_000036#	1	1062	0	2801,7601	2801,7601	90	#A07XMAS_ENTRY_LUA_000005#	135	0	peter_talk30	0	
41	#A07XMAS_07XMASNPC_TXT_000037#	1	867	0	24933,22998	24933,22998	175	#A07XMAS_ENTRY_LUA_000005#	135	0	Xmas_talk09	0	
42	#A07XMAS_07XMASNPC_TXT_000038#	1	1054	0	24617,23243	24617,23243	40	#A07XMAS_ENTRY_LUA_000005#	135	0	Xmas_talk10	0	
43	#A07XMAS_07XMASNPC_TXT_000038#	1	1054	0	24956,23442	24956,23442	355	#A07XMAS_ENTRY_LUA_000005#	135	0	Xmas_talk11	0	
44	#A07XMAS_07XMASNPC_TXT_000038#	1	1054	0	25276,23217	25276,23217	340	#A07XMAS_ENTRY_LUA_000005#	135	0	Xmas_talk12	0	
45	#A07XMAS_07XMASNPC_TXT_000038#	1	1054	0	25271,22774	25271,22774	220	#A07XMAS_ENTRY_LUA_000005#	135	0	Xmas_talk13	0	
46	#A07XMAS_07XMASNPC_TXT_000038#	1	1054	0	24931,22571	24931,22571	190	#A07XMAS_ENTRY_LUA_000005#	135	0	Xmas_talk14	0	
47	#A07XMAS_07XMASNPC_TXT_000038#	1	1054	0	24558,22737	24558,22737	160	#A07XMAS_ENTRY_LUA_000005#	135	0	Xmas_talk15	0	
48	#A07XMAS_07XMASNPC_TXT_000039#	1	1055	0	4788,6397	4788,6397	325	#A07XMAS_ENTRY_LUA_000005#	135	0	Xmas_talk16	0	
49	#A07XMAS_07XMASNPC_TXT_000040#	1	1056	0	4560,6287	4560,6287	325	#A07XMAS_ENTRY_LUA_000005#	135	0	Xmas_talk17	0	
50	#A07XMAS_07XMASNPC_TXT_000041#	1	1057	0	4881,6168	4881,6168	310	#A07XMAS_ENTRY_LUA_000005#	135	0	Xmas_talk18	0	
51	#A07XMAS_07XMASNPC_TXT_000042#	1	1058	0	4674,6144	4674,6144	295	#A07XMAS_ENTRY_LUA_000005#	135	0	Xmas_talk19	0	
52	#A07XMAS_07XMASNPC_TXT_000043#	1	1059	0	4809,5978	4809,5978	250	#A07XMAS_ENTRY_LUA_000005#	135	0	Xmas_talk20	0	
53	#A07XMAS_07XMASNPC_TXT_000044#	1	1060	0	4832,5767	4832,5767	235	#A07XMAS_ENTRY_LUA_000005#	135	0	Xmas_talk21	0	
54	#A07XMAS_07XMASNPC_TXT_000045#	1	1061	0	4640,5852 	4640,5852	250	#A07XMAS_ENTRY_LUA_000005#	135	0	Xmas_talk22	0	
55	#A07XMAS_07XMASNPC_TXT_000046#	1	781	0	4414,6022	4414,6022	85	#A07XMAS_ENTRY_LUA_000005#	135	0	Xmas_talk23	0	
56	#A07XMAS_07XMASNPC_TXT_000047#	1	414	0	4589,5647	4589,5647	205	#A07XMAS_ENTRY_LUA_000005#	135	0	Xmas_talk24	0	
57	#A07XMAS_07XMASNPC_TXT_000048#	1	772	0	14700,13600	14700,13600	270	#A07XMAS_ENTRY_LUA_000005#	135	0	Xmas_talk25	0	
58	#A07XMAS_07XMASNPC_TXT_000049#	1	1053	0	14800,23700	14800,23700	180	#A07XMAS_ENTRY_LUA_000005#	135	0	Xmas_talk25	0	
59	#A07XMAS_07XMASNPC_TXT_000050#	1	403	0	9801,23501	9801,23501	180	#A07XMAS_ENTRY_LUA_000005#	135	0	peter_talk31	0	
60	#A07XMAS_07XMASNPC_TXT_000051#	1	402	0	9501,19802	9501,19802	180	#A07XMAS_ENTRY_LUA_000005#	135	0	peter_talk32	0	
61	#A07XMAS_07XMASNPC_TXT_000052#	1	772	0	18101,23903	18101,23903	265	#A07XMAS_ENTRY_LUA_000005#	135	0	peter_talk33	0	
62	#A07XMAS_07XMASNPC_TXT_000053#	1	1046	0	22501,22904	22501,22904	180	#A07XMAS_ENTRY_LUA_000005#	135	0	peter_talk34	0	
63	#A07XMAS_07XMASNPC_TXT_000054#	1	401	0	24601,8005	24601,8005	180	#A07XMAS_ENTRY_LUA_000005#	135	0	peter_talk35	0	
64	#A07XMAS_07XMASNPC_TXT_000055#	1	429	0	5501,19506	5501,19506	180	#A07XMAS_ENTRY_LUA_000005#	135	0	peter_talk36	0	
65	#A07XMAS_07XMASNPC_TXT_000056#	1	19	0	3301,23707	3301,23707	90	#A07XMAS_ENTRY_LUA_000005#	135	0	peter_talk37	0	
66	#A07XMAS_07XMASNPC_TXT_000057#	1	421	0	25501,16008	25501,16008	270	#A07XMAS_ENTRY_LUA_000005#	135	0	peter_talk38	0	
67	#A07XMAS_07XMASNPC_TXT_000058#	1	415	0	17401,6809	17401,6809	0	#A07XMAS_ENTRY_LUA_000005#	135	0	peter_talk39	0	
68	#A07XMAS_07XMASNPC_TXT_000059#	1	29	0	14801,6111	14801,6111	180	#A07XMAS_ENTRY_LUA_000005#	135	0	peter_talk40	0	
69	#A07XMAS_07XMASNPC_TXT_000060#	1	840	0	13901,9111	13901,9111	90	#A07XMAS_ENTRY_LUA_000005#	135	0	peter_talk41	0	
70	#A07XMAS_07XMASNPC_TXT_000061#	1	798	0	10901,3412	10901,3412	85	#A07XMAS_ENTRY_LUA_000005#	135	0	peter_talk42	0	
71	#A07XMAS_07XMASNPC_TXT_000062#	1	442	0	26401,13813	26401,13813	85	#A07XMAS_ENTRY_LUA_000005#	135	0	peter_talk43	0	
72	#A07XMAS_07XMASNPC_TXT_000063#	1	437	0	6601,8214	6601,8214	180	#A07XMAS_ENTRY_LUA_000005#	135	0	peter_talk44	0	
73	#A07XMAS_07XMASNPC_TXT_000064#	1	414	0	26101,8915	26101,8915	180	#A07XMAS_ENTRY_LUA_000005#	135	0	peter_talk45	0	
74	#A07XMAS_07XMASNPC_TXT_000065#	1	803	0	3401,5416	3401,5416	125	#A07XMAS_ENTRY_LUA_000005#	90	0	peter_talk46	0	
75	#A07XMAS_07XMASNPC_TXT_000066#	1	732	0	19101,8417	19101,8417	85	#A07XMAS_ENTRY_LUA_000005#	135	0	peter_talk47	0	
